5
4 4
0 0 0 0
0 0 0 0
0 0 0 0
0 0 0 0
8 8
0 0 0 0 0 0 0 0
0 0 1 0 0 1 0 0
0 1 0 0 0 0 0 0
0 0 0 0 1 0 0 1
0 0 0 0 0 0 0 0
0 1 0 1 0 0 0 0
0 0 0 0 0 0 1 0
0 0 0 1 0 0 0 0
7 7
1 1 1 0 0 0 0
1 1 1 0 0 0 0
1 1 1 1 0 0 1
0 0 1 0 0 0 0
0 0 0 0 0 0 0
0 0 0 0 0 1 1
0 0 1 0 0 1 1
8 8
0 0 0 0 0 0 0 0   
0 0 0 0 0 0 0 0   
0 0 0 0 0 0 0 0   
0 0 0 0 0 0 0 0   
0 0 0 0 0 0 0 0   
0 0 0 0 0 0 0 0   
0 0 0 0 0 0 0 0   
0 0 0 0 0 0 0 0
25 10
0 0 0 0 0 0 0 0 0 0 
0 0 0 0 0 0 0 0 0 0 
0 0 0 0 0 0 0 0 0 0 
0 0 0 0 0 0 0 0 0 0 
0 0 0 0 0 0 0 0 0 0 
0 0 0 0 0 0 0 0 0 0 
0 0 0 0 0 0 0 0 0 0 
0 0 0 0 0 0 0 0 0 0 
0 0 0 0 0 0 0 0 0 0 
0 0 0 0 0 0 0 0 0 0 
0 0 0 0 0 0 0 0 0 0 
0 0 0 0 0 0 0 0 0 0 
0 0 0 0 0 0 0 0 0 0 
0 0 0 0 0 0 0 0 0 0 
0 0 0 0 0 0 0 0 0 0 
0 0 0 0 0 0 0 0 0 0 
0 0 0 0 0 0 0 0 0 0 
0 0 0 0 0 0 0 0 0 0 
0 0 0 0 0 0 0 0 0 0 
0 0 0 0 0 0 0 0 0 0 
0 0 0 0 0 0 0 0 0 0 
0 0 0 0 0 0 0 0 0 0 
0 0 0 0 0 0 0 0 0 0 
0 0 0 0 0 0 0 0 0 0 
0 0 0 0 0 0 0 0 0 0 
