3
5
2 2 4 4
3 4 4 2
1 0 1 1 1
0 0 0 0 0
1 1 0 0 0
1 0 0 0 1
1 0 0 0 1
6
1 1 3 6
6 6 1 3
0 0 0 0 0 0
0 1 1 1 1 1
0 0 0 1 0 0
0 1 1 1 1 0
0 0 0 0 0 1
0 0 0 0 0 0
13
1 1 13 13
13 13 1 1
0 0 0 0 0 0 0 0 0 0 0 0 0
1 1 1 1 1 1 1 1 1 1 1 1 0
0 0 0 0 0 0 0 0 0 0 0 0 0
0 1 1 1 1 1 1 1 1 1 1 1 1
0 0 0 0 0 0 0 0 0 0 0 0 0
1 1 1 1 1 1 1 1 1 1 1 1 0
0 0 0 0 0 0 0 0 0 0 0 0 0
0 1 1 1 1 1 1 1 1 1 1 1 1
0 0 0 0 0 0 0 0 0 0 0 0 0
1 1 1 1 1 1 1 1 1 1 1 1 0
0 0 0 0 0 0 0 0 0 0 0 0 0
1 1 0 1 1 1 1 1 1 1 1 1 1
0 0 0 0 0 0 0 0 0 0 0 0 0
