7
4
2 1 2
4 1 3
8 1 4
5
1 1 2
2 2 3
3 3 4
4 4 5
9
1 2 7
1 6 7
1 7 5
1 5 9
1 5 1
1 1 4
1 4 3
1 4 8
12
100 1 2
1000 2 3
100 1 4
1000 4 5
1 1 6
10 7 6
10 8 6
10 8 9
10 9 10
100 10 11
100 12 10
31
100 1 2
63 1 3
90 3 4
67 3 5
11 2 6
12 2 7
13 6 8
11 6 9
90 7 10
81 7 11
71 12 5
89 13 5
11 4 14
10 4 15
88 8 16
13 8 17
99 9 18
23 9 19
30 10 20
31 21 10
90 11 22
17 11 23
10 12 24
29 12 25
30 13 26
30 13 27
90 14 28
2 14 29
1 15 30
1 15 31
2000
1 1 2
1 2 3
1 3 4
1 4 5
1 5 6
1 6 7
1 7 8
1 8 9
1 9 10
1 10 11
1 11 12
1 12 13
1 13 14
1 14 15
1 15 16
1 16 17
1 17 18
1 18 19
1 19 20
1 20 21
1 21 22
1 22 23
1 23 24
1 24 25
1 25 26
1 26 27
1 27 28
1 28 29
1 29 30
1 30 31
1 31 32
1 32 33
1 33 34
1 34 35
1 35 36
1 36 37
1 37 38
1 38 39
1 39 40
1 40 41
1 41 42
1 42 43
1 43 44
1 44 45
1 45 46
1 46 47
1 47 48
1 48 49
1 49 50
1 50 51
1 51 52
1 52 53
1 53 54
1 54 55
1 55 56
1 56 57
1 57 58
1 58 59
1 59 60
1 60 61
1 61 62
1 62 63
1 63 64
1 64 65
1 65 66
1 66 67
1 67 68
1 68 69
1 69 70
1 70 71
1 71 72
1 72 73
1 73 74
1 74 75
1 75 76
1 76 77
1 77 78
1 78 79
1 79 80
1 80 81
1 81 82
1 82 83
1 83 84
1 84 85
1 85 86
1 86 87
1 87 88
1 88 89
1 89 90
1 90 91
1 91 92
1 92 93
1 93 94
1 94 95
1 95 96
1 96 97
1 97 98
1 98 99
1 99 100
1 100 101
1 101 102
1 102 103
1 103 104
1 104 105
1 105 106
1 106 107
1 107 108
1 108 109
1 109 110
1 110 111
1 111 112
1 112 113
1 113 114
1 114 115
1 115 116
1 116 117
1 117 118
1 118 119
1 119 120
1 120 121
1 121 122
1 122 123
1 123 124
1 124 125
1 125 126
1 126 127
1 127 128
1 128 129
1 129 130
1 130 131
1 131 132
1 132 133
1 133 134
1 134 135
1 135 136
1 136 137
1 137 138
1 138 139
1 139 140
1 140 141
1 141 142
1 142 143
1 143 144
1 144 145
1 145 146
1 146 147
1 147 148
1 148 149
1 149 150
1 150 151
1 151 152
1 152 153
1 153 154
1 154 155
1 155 156
1 156 157
1 157 158
1 158 159
1 159 160
1 160 161
1 161 162
1 162 163
1 163 164
1 164 165
1 165 166
1 166 167
1 167 168
1 168 169
1 169 170
1 170 171
1 171 172
1 172 173
1 173 174
1 174 175
1 175 176
1 176 177
1 177 178
1 178 179
1 179 180
1 180 181
1 181 182
1 182 183
1 183 184
1 184 185
1 185 186
1 186 187
1 187 188
1 188 189
1 189 190
1 190 191
1 191 192
1 192 193
1 193 194
1 194 195
1 195 196
1 196 197
1 197 198
1 198 199
1 199 200
1 200 201
1 201 202
1 202 203
1 203 204
1 204 205
1 205 206
1 206 207
1 207 208
1 208 209
1 209 210
1 210 211
1 211 212
1 212 213
1 213 214
1 214 215
1 215 216
1 216 217
1 217 218
1 218 219
1 219 220
1 220 221
1 221 222
1 222 223
1 223 224
1 224 225
1 225 226
1 226 227
1 227 228
1 228 229
1 229 230
1 230 231
1 231 232
1 232 233
1 233 234
1 234 235
1 235 236
1 236 237
1 237 238
1 238 239
1 239 240
1 240 241
1 241 242
1 242 243
1 243 244
1 244 245
1 245 246
1 246 247
1 247 248
1 248 249
1 249 250
1 250 251
1 251 252
1 252 253
1 253 254
1 254 255
1 255 256
1 256 257
1 257 258
1 258 259
1 259 260
1 260 261
1 261 262
1 262 263
1 263 264
1 264 265
1 265 266
1 266 267
1 267 268
1 268 269
1 269 270
1 270 271
1 271 272
1 272 273
1 273 274
1 274 275
1 275 276
1 276 277
1 277 278
1 278 279
1 279 280
1 280 281
1 281 282
1 282 283
1 283 284
1 284 285
1 285 286
1 286 287
1 287 288
1 288 289
1 289 290
1 290 291
1 291 292
1 292 293
1 293 294
1 294 295
1 295 296
1 296 297
1 297 298
1 298 299
1 299 300
1 300 301
1 301 302
1 302 303
1 303 304
1 304 305
1 305 306
1 306 307
1 307 308
1 308 309
1 309 310
1 310 311
1 311 312
1 312 313
1 313 314
1 314 315
1 315 316
1 316 317
1 317 318
1 318 319
1 319 320
1 320 321
1 321 322
1 322 323
1 323 324
1 324 325
1 325 326
1 326 327
1 327 328
1 328 329
1 329 330
1 330 331
1 331 332
1 332 333
1 333 334
1 334 335
1 335 336
1 336 337
1 337 338
1 338 339
1 339 340
1 340 341
1 341 342
1 342 343
1 343 344
1 344 345
1 345 346
1 346 347
1 347 348
1 348 349
1 349 350
1 350 351
1 351 352
1 352 353
1 353 354
1 354 355
1 355 356
1 356 357
1 357 358
1 358 359
1 359 360
1 360 361
1 361 362
1 362 363
1 363 364
1 364 365
1 365 366
1 366 367
1 367 368
1 368 369
1 369 370
1 370 371
1 371 372
1 372 373
1 373 374
1 374 375
1 375 376
1 376 377
1 377 378
1 378 379
1 379 380
1 380 381
1 381 382
1 382 383
1 383 384
1 384 385
1 385 386
1 386 387
1 387 388
1 388 389
1 389 390
1 390 391
1 391 392
1 392 393
1 393 394
1 394 395
1 395 396
1 396 397
1 397 398
1 398 399
1 399 400
1 400 401
1 401 402
1 402 403
1 403 404
1 404 405
1 405 406
1 406 407
1 407 408
1 408 409
1 409 410
1 410 411
1 411 412
1 412 413
1 413 414
1 414 415
1 415 416
1 416 417
1 417 418
1 418 419
1 419 420
1 420 421
1 421 422
1 422 423
1 423 424
1 424 425
1 425 426
1 426 427
1 427 428
1 428 429
1 429 430
1 430 431
1 431 432
1 432 433
1 433 434
1 434 435
1 435 436
1 436 437
1 437 438
1 438 439
1 439 440
1 440 441
1 441 442
1 442 443
1 443 444
1 444 445
1 445 446
1 446 447
1 447 448
1 448 449
1 449 450
1 450 451
1 451 452
1 452 453
1 453 454
1 454 455
1 455 456
1 456 457
1 457 458
1 458 459
1 459 460
1 460 461
1 461 462
1 462 463
1 463 464
1 464 465
1 465 466
1 466 467
1 467 468
1 468 469
1 469 470
1 470 471
1 471 472
1 472 473
1 473 474
1 474 475
1 475 476
1 476 477
1 477 478
1 478 479
1 479 480
1 480 481
1 481 482
1 482 483
1 483 484
1 484 485
1 485 486
1 486 487
1 487 488
1 488 489
1 489 490
1 490 491
1 491 492
1 492 493
1 493 494
1 494 495
1 495 496
1 496 497
1 497 498
1 498 499
1 499 500
1 500 501
1 501 502
1 502 503
1 503 504
1 504 505
1 505 506
1 506 507
1 507 508
1 508 509
1 509 510
1 510 511
1 511 512
1 512 513
1 513 514
1 514 515
1 515 516
1 516 517
1 517 518
1 518 519
1 519 520
1 520 521
1 521 522
1 522 523
1 523 524
1 524 525
1 525 526
1 526 527
1 527 528
1 528 529
1 529 530
1 530 531
1 531 532
1 532 533
1 533 534
1 534 535
1 535 536
1 536 537
1 537 538
1 538 539
1 539 540
1 540 541
1 541 542
1 542 543
1 543 544
1 544 545
1 545 546
1 546 547
1 547 548
1 548 549
1 549 550
1 550 551
1 551 552
1 552 553
1 553 554
1 554 555
1 555 556
1 556 557
1 557 558
1 558 559
1 559 560
1 560 561
1 561 562
1 562 563
1 563 564
1 564 565
1 565 566
1 566 567
1 567 568
1 568 569
1 569 570
1 570 571
1 571 572
1 572 573
1 573 574
1 574 575
1 575 576
1 576 577
1 577 578
1 578 579
1 579 580
1 580 581
1 581 582
1 582 583
1 583 584
1 584 585
1 585 586
1 586 587
1 587 588
1 588 589
1 589 590
1 590 591
1 591 592
1 592 593
1 593 594
1 594 595
1 595 596
1 596 597
1 597 598
1 598 599
1 599 600
1 600 601
1 601 602
1 602 603
1 603 604
1 604 605
1 605 606
1 606 607
1 607 608
1 608 609
1 609 610
1 610 611
1 611 612
1 612 613
1 613 614
1 614 615
1 615 616
1 616 617
1 617 618
1 618 619
1 619 620
1 620 621
1 621 622
1 622 623
1 623 624
1 624 625
1 625 626
1 626 627
1 627 628
1 628 629
1 629 630
1 630 631
1 631 632
1 632 633
1 633 634
1 634 635
1 635 636
1 636 637
1 637 638
1 638 639
1 639 640
1 640 641
1 641 642
1 642 643
1 643 644
1 644 645
1 645 646
1 646 647
1 647 648
1 648 649
1 649 650
1 650 651
1 651 652
1 652 653
1 653 654
1 654 655
1 655 656
1 656 657
1 657 658
1 658 659
1 659 660
1 660 661
1 661 662
1 662 663
1 663 664
1 664 665
1 665 666
1 666 667
1 667 668
1 668 669
1 669 670
1 670 671
1 671 672
1 672 673
1 673 674
1 674 675
1 675 676
1 676 677
1 677 678
1 678 679
1 679 680
1 680 681
1 681 682
1 682 683
1 683 684
1 684 685
1 685 686
1 686 687
1 687 688
1 688 689
1 689 690
1 690 691
1 691 692
1 692 693
1 693 694
1 694 695
1 695 696
1 696 697
1 697 698
1 698 699
1 699 700
1 700 701
1 701 702
1 702 703
1 703 704
1 704 705
1 705 706
1 706 707
1 707 708
1 708 709
1 709 710
1 710 711
1 711 712
1 712 713
1 713 714
1 714 715
1 715 716
1 716 717
1 717 718
1 718 719
1 719 720
1 720 721
1 721 722
1 722 723
1 723 724
1 724 725
1 725 726
1 726 727
1 727 728
1 728 729
1 729 730
1 730 731
1 731 732
1 732 733
1 733 734
1 734 735
1 735 736
1 736 737
1 737 738
1 738 739
1 739 740
1 740 741
1 741 742
1 742 743
1 743 744
1 744 745
1 745 746
1 746 747
1 747 748
1 748 749
1 749 750
1 750 751
1 751 752
1 752 753
1 753 754
1 754 755
1 755 756
1 756 757
1 757 758
1 758 759
1 759 760
1 760 761
1 761 762
1 762 763
1 763 764
1 764 765
1 765 766
1 766 767
1 767 768
1 768 769
1 769 770
1 770 771
1 771 772
1 772 773
1 773 774
1 774 775
1 775 776
1 776 777
1 777 778
1 778 779
1 779 780
1 780 781
1 781 782
1 782 783
1 783 784
1 784 785
1 785 786
1 786 787
1 787 788
1 788 789
1 789 790
1 790 791
1 791 792
1 792 793
1 793 794
1 794 795
1 795 796
1 796 797
1 797 798
1 798 799
1 799 800
1 800 801
1 801 802
1 802 803
1 803 804
1 804 805
1 805 806
1 806 807
1 807 808
1 808 809
1 809 810
1 810 811
1 811 812
1 812 813
1 813 814
1 814 815
1 815 816
1 816 817
1 817 818
1 818 819
1 819 820
1 820 821
1 821 822
1 822 823
1 823 824
1 824 825
1 825 826
1 826 827
1 827 828
1 828 829
1 829 830
1 830 831
1 831 832
1 832 833
1 833 834
1 834 835
1 835 836
1 836 837
1 837 838
1 838 839
1 839 840
1 840 841
1 841 842
1 842 843
1 843 844
1 844 845
1 845 846
1 846 847
1 847 848
1 848 849
1 849 850
1 850 851
1 851 852
1 852 853
1 853 854
1 854 855
1 855 856
1 856 857
1 857 858
1 858 859
1 859 860
1 860 861
1 861 862
1 862 863
1 863 864
1 864 865
1 865 866
1 866 867
1 867 868
1 868 869
1 869 870
1 870 871
1 871 872
1 872 873
1 873 874
1 874 875
1 875 876
1 876 877
1 877 878
1 878 879
1 879 880
1 880 881
1 881 882
1 882 883
1 883 884
1 884 885
1 885 886
1 886 887
1 887 888
1 888 889
1 889 890
1 890 891
1 891 892
1 892 893
1 893 894
1 894 895
1 895 896
1 896 897
1 897 898
1 898 899
1 899 900
1 900 901
1 901 902
1 902 903
1 903 904
1 904 905
1 905 906
1 906 907
1 907 908
1 908 909
1 909 910
1 910 911
1 911 912
1 912 913
1 913 914
1 914 915
1 915 916
1 916 917
1 917 918
1 918 919
1 919 920
1 920 921
1 921 922
1 922 923
1 923 924
1 924 925
1 925 926
1 926 927
1 927 928
1 928 929
1 929 930
1 930 931
1 931 932
1 932 933
1 933 934
1 934 935
1 935 936
1 936 937
1 937 938
1 938 939
1 939 940
1 940 941
1 941 942
1 942 943
1 943 944
1 944 945
1 945 946
1 946 947
1 947 948
1 948 949
1 949 950
1 950 951
1 951 952
1 952 953
1 953 954
1 954 955
1 955 956
1 956 957
1 957 958
1 958 959
1 959 960
1 960 961
1 961 962
1 962 963
1 963 964
1 964 965
1 965 966
1 966 967
1 967 968
1 968 969
1 969 970
1 970 971
1 971 972
1 972 973
1 973 974
1 974 975
1 975 976
1 976 977
1 977 978
1 978 979
1 979 980
1 980 981
1 981 982
1 982 983
1 983 984
1 984 985
1 985 986
1 986 987
1 987 988
1 988 989
1 989 990
1 990 991
1 991 992
1 992 993
1 993 994
1 994 995
1 995 996
1 996 997
1 997 998
1 998 999
1 999 1000
1 1000 1001
1 1001 1002
1 1002 1003
1 1003 1004
1 1004 1005
1 1005 1006
1 1006 1007
1 1007 1008
1 1008 1009
1 1009 1010
1 1010 1011
1 1011 1012
1 1012 1013
1 1013 1014
1 1014 1015
1 1015 1016
1 1016 1017
1 1017 1018
1 1018 1019
1 1019 1020
1 1020 1021
1 1021 1022
1 1022 1023
1 1023 1024
1 1024 1025
1 1025 1026
1 1026 1027
1 1027 1028
1 1028 1029
1 1029 1030
1 1030 1031
1 1031 1032
1 1032 1033
1 1033 1034
1 1034 1035
1 1035 1036
1 1036 1037
1 1037 1038
1 1038 1039
1 1039 1040
1 1040 1041
1 1041 1042
1 1042 1043
1 1043 1044
1 1044 1045
1 1045 1046
1 1046 1047
1 1047 1048
1 1048 1049
1 1049 1050
1 1050 1051
1 1051 1052
1 1052 1053
1 1053 1054
1 1054 1055
1 1055 1056
1 1056 1057
1 1057 1058
1 1058 1059
1 1059 1060
1 1060 1061
1 1061 1062
1 1062 1063
1 1063 1064
1 1064 1065
1 1065 1066
1 1066 1067
1 1067 1068
1 1068 1069
1 1069 1070
1 1070 1071
1 1071 1072
1 1072 1073
1 1073 1074
1 1074 1075
1 1075 1076
1 1076 1077
1 1077 1078
1 1078 1079
1 1079 1080
1 1080 1081
1 1081 1082
1 1082 1083
1 1083 1084
1 1084 1085
1 1085 1086
1 1086 1087
1 1087 1088
1 1088 1089
1 1089 1090
1 1090 1091
1 1091 1092
1 1092 1093
1 1093 1094
1 1094 1095
1 1095 1096
1 1096 1097
1 1097 1098
1 1098 1099
1 1099 1100
1 1100 1101
1 1101 1102
1 1102 1103
1 1103 1104
1 1104 1105
1 1105 1106
1 1106 1107
1 1107 1108
1 1108 1109
1 1109 1110
1 1110 1111
1 1111 1112
1 1112 1113
1 1113 1114
1 1114 1115
1 1115 1116
1 1116 1117
1 1117 1118
1 1118 1119
1 1119 1120
1 1120 1121
1 1121 1122
1 1122 1123
1 1123 1124
1 1124 1125
1 1125 1126
1 1126 1127
1 1127 1128
1 1128 1129
1 1129 1130
1 1130 1131
1 1131 1132
1 1132 1133
1 1133 1134
1 1134 1135
1 1135 1136
1 1136 1137
1 1137 1138
1 1138 1139
1 1139 1140
1 1140 1141
1 1141 1142
1 1142 1143
1 1143 1144
1 1144 1145
1 1145 1146
1 1146 1147
1 1147 1148
1 1148 1149
1 1149 1150
1 1150 1151
1 1151 1152
1 1152 1153
1 1153 1154
1 1154 1155
1 1155 1156
1 1156 1157
1 1157 1158
1 1158 1159
1 1159 1160
1 1160 1161
1 1161 1162
1 1162 1163
1 1163 1164
1 1164 1165
1 1165 1166
1 1166 1167
1 1167 1168
1 1168 1169
1 1169 1170
1 1170 1171
1 1171 1172
1 1172 1173
1 1173 1174
1 1174 1175
1 1175 1176
1 1176 1177
1 1177 1178
1 1178 1179
1 1179 1180
1 1180 1181
1 1181 1182
1 1182 1183
1 1183 1184
1 1184 1185
1 1185 1186
1 1186 1187
1 1187 1188
1 1188 1189
1 1189 1190
1 1190 1191
1 1191 1192
1 1192 1193
1 1193 1194
1 1194 1195
1 1195 1196
1 1196 1197
1 1197 1198
1 1198 1199
1 1199 1200
1 1200 1201
1 1201 1202
1 1202 1203
1 1203 1204
1 1204 1205
1 1205 1206
1 1206 1207
1 1207 1208
1 1208 1209
1 1209 1210
1 1210 1211
1 1211 1212
1 1212 1213
1 1213 1214
1 1214 1215
1 1215 1216
1 1216 1217
1 1217 1218
1 1218 1219
1 1219 1220
1 1220 1221
1 1221 1222
1 1222 1223
1 1223 1224
1 1224 1225
1 1225 1226
1 1226 1227
1 1227 1228
1 1228 1229
1 1229 1230
1 1230 1231
1 1231 1232
1 1232 1233
1 1233 1234
1 1234 1235
1 1235 1236
1 1236 1237
1 1237 1238
1 1238 1239
1 1239 1240
1 1240 1241
1 1241 1242
1 1242 1243
1 1243 1244
1 1244 1245
1 1245 1246
1 1246 1247
1 1247 1248
1 1248 1249
1 1249 1250
1 1250 1251
1 1251 1252
1 1252 1253
1 1253 1254
1 1254 1255
1 1255 1256
1 1256 1257
1 1257 1258
1 1258 1259
1 1259 1260
1 1260 1261
1 1261 1262
1 1262 1263
1 1263 1264
1 1264 1265
1 1265 1266
1 1266 1267
1 1267 1268
1 1268 1269
1 1269 1270
1 1270 1271
1 1271 1272
1 1272 1273
1 1273 1274
1 1274 1275
1 1275 1276
1 1276 1277
1 1277 1278
1 1278 1279
1 1279 1280
1 1280 1281
1 1281 1282
1 1282 1283
1 1283 1284
1 1284 1285
1 1285 1286
1 1286 1287
1 1287 1288
1 1288 1289
1 1289 1290
1 1290 1291
1 1291 1292
1 1292 1293
1 1293 1294
1 1294 1295
1 1295 1296
1 1296 1297
1 1297 1298
1 1298 1299
1 1299 1300
1 1300 1301
1 1301 1302
1 1302 1303
1 1303 1304
1 1304 1305
1 1305 1306
1 1306 1307
1 1307 1308
1 1308 1309
1 1309 1310
1 1310 1311
1 1311 1312
1 1312 1313
1 1313 1314
1 1314 1315
1 1315 1316
1 1316 1317
1 1317 1318
1 1318 1319
1 1319 1320
1 1320 1321
1 1321 1322
1 1322 1323
1 1323 1324
1 1324 1325
1 1325 1326
1 1326 1327
1 1327 1328
1 1328 1329
1 1329 1330
1 1330 1331
1 1331 1332
1 1332 1333
1 1333 1334
1 1334 1335
1 1335 1336
1 1336 1337
1 1337 1338
1 1338 1339
1 1339 1340
1 1340 1341
1 1341 1342
1 1342 1343
1 1343 1344
1 1344 1345
1 1345 1346
1 1346 1347
1 1347 1348
1 1348 1349
1 1349 1350
1 1350 1351
1 1351 1352
1 1352 1353
1 1353 1354
1 1354 1355
1 1355 1356
1 1356 1357
1 1357 1358
1 1358 1359
1 1359 1360
1 1360 1361
1 1361 1362
1 1362 1363
1 1363 1364
1 1364 1365
1 1365 1366
1 1366 1367
1 1367 1368
1 1368 1369
1 1369 1370
1 1370 1371
1 1371 1372
1 1372 1373
1 1373 1374
1 1374 1375
1 1375 1376
1 1376 1377
1 1377 1378
1 1378 1379
1 1379 1380
1 1380 1381
1 1381 1382
1 1382 1383
1 1383 1384
1 1384 1385
1 1385 1386
1 1386 1387
1 1387 1388
1 1388 1389
1 1389 1390
1 1390 1391
1 1391 1392
1 1392 1393
1 1393 1394
1 1394 1395
1 1395 1396
1 1396 1397
1 1397 1398
1 1398 1399
1 1399 1400
1 1400 1401
1 1401 1402
1 1402 1403
1 1403 1404
1 1404 1405
1 1405 1406
1 1406 1407
1 1407 1408
1 1408 1409
1 1409 1410
1 1410 1411
1 1411 1412
1 1412 1413
1 1413 1414
1 1414 1415
1 1415 1416
1 1416 1417
1 1417 1418
1 1418 1419
1 1419 1420
1 1420 1421
1 1421 1422
1 1422 1423
1 1423 1424
1 1424 1425
1 1425 1426
1 1426 1427
1 1427 1428
1 1428 1429
1 1429 1430
1 1430 1431
1 1431 1432
1 1432 1433
1 1433 1434
1 1434 1435
1 1435 1436
1 1436 1437
1 1437 1438
1 1438 1439
1 1439 1440
1 1440 1441
1 1441 1442
1 1442 1443
1 1443 1444
1 1444 1445
1 1445 1446
1 1446 1447
1 1447 1448
1 1448 1449
1 1449 1450
1 1450 1451
1 1451 1452
1 1452 1453
1 1453 1454
1 1454 1455
1 1455 1456
1 1456 1457
1 1457 1458
1 1458 1459
1 1459 1460
1 1460 1461
1 1461 1462
1 1462 1463
1 1463 1464
1 1464 1465
1 1465 1466
1 1466 1467
1 1467 1468
1 1468 1469
1 1469 1470
1 1470 1471
1 1471 1472
1 1472 1473
1 1473 1474
1 1474 1475
1 1475 1476
1 1476 1477
1 1477 1478
1 1478 1479
1 1479 1480
1 1480 1481
1 1481 1482
1 1482 1483
1 1483 1484
1 1484 1485
1 1485 1486
1 1486 1487
1 1487 1488
1 1488 1489
1 1489 1490
1 1490 1491
1 1491 1492
1 1492 1493
1 1493 1494
1 1494 1495
1 1495 1496
1 1496 1497
1 1497 1498
1 1498 1499
1 1499 1500
1 1500 1501
1 1501 1502
1 1502 1503
1 1503 1504
1 1504 1505
1 1505 1506
1 1506 1507
1 1507 1508
1 1508 1509
1 1509 1510
1 1510 1511
1 1511 1512
1 1512 1513
1 1513 1514
1 1514 1515
1 1515 1516
1 1516 1517
1 1517 1518
1 1518 1519
1 1519 1520
1 1520 1521
1 1521 1522
1 1522 1523
1 1523 1524
1 1524 1525
1 1525 1526
1 1526 1527
1 1527 1528
1 1528 1529
1 1529 1530
1 1530 1531
1 1531 1532
1 1532 1533
1 1533 1534
1 1534 1535
1 1535 1536
1 1536 1537
1 1537 1538
1 1538 1539
1 1539 1540
1 1540 1541
1 1541 1542
1 1542 1543
1 1543 1544
1 1544 1545
1 1545 1546
1 1546 1547
1 1547 1548
1 1548 1549
1 1549 1550
1 1550 1551
1 1551 1552
1 1552 1553
1 1553 1554
1 1554 1555
1 1555 1556
1 1556 1557
1 1557 1558
1 1558 1559
1 1559 1560
1 1560 1561
1 1561 1562
1 1562 1563
1 1563 1564
1 1564 1565
1 1565 1566
1 1566 1567
1 1567 1568
1 1568 1569
1 1569 1570
1 1570 1571
1 1571 1572
1 1572 1573
1 1573 1574
1 1574 1575
1 1575 1576
1 1576 1577
1 1577 1578
1 1578 1579
1 1579 1580
1 1580 1581
1 1581 1582
1 1582 1583
1 1583 1584
1 1584 1585
1 1585 1586
1 1586 1587
1 1587 1588
1 1588 1589
1 1589 1590
1 1590 1591
1 1591 1592
1 1592 1593
1 1593 1594
1 1594 1595
1 1595 1596
1 1596 1597
1 1597 1598
1 1598 1599
1 1599 1600
1 1600 1601
1 1601 1602
1 1602 1603
1 1603 1604
1 1604 1605
1 1605 1606
1 1606 1607
1 1607 1608
1 1608 1609
1 1609 1610
1 1610 1611
1 1611 1612
1 1612 1613
1 1613 1614
1 1614 1615
1 1615 1616
1 1616 1617
1 1617 1618
1 1618 1619
1 1619 1620
1 1620 1621
1 1621 1622
1 1622 1623
1 1623 1624
1 1624 1625
1 1625 1626
1 1626 1627
1 1627 1628
1 1628 1629
1 1629 1630
1 1630 1631
1 1631 1632
1 1632 1633
1 1633 1634
1 1634 1635
1 1635 1636
1 1636 1637
1 1637 1638
1 1638 1639
1 1639 1640
1 1640 1641
1 1641 1642
1 1642 1643
1 1643 1644
1 1644 1645
1 1645 1646
1 1646 1647
1 1647 1648
1 1648 1649
1 1649 1650
1 1650 1651
1 1651 1652
1 1652 1653
1 1653 1654
1 1654 1655
1 1655 1656
1 1656 1657
1 1657 1658
1 1658 1659
1 1659 1660
1 1660 1661
1 1661 1662
1 1662 1663
1 1663 1664
1 1664 1665
1 1665 1666
1 1666 1667
1 1667 1668
1 1668 1669
1 1669 1670
1 1670 1671
1 1671 1672
1 1672 1673
1 1673 1674
1 1674 1675
1 1675 1676
1 1676 1677
1 1677 1678
1 1678 1679
1 1679 1680
1 1680 1681
1 1681 1682
1 1682 1683
1 1683 1684
1 1684 1685
1 1685 1686
1 1686 1687
1 1687 1688
1 1688 1689
1 1689 1690
1 1690 1691
1 1691 1692
1 1692 1693
1 1693 1694
1 1694 1695
1 1695 1696
1 1696 1697
1 1697 1698
1 1698 1699
1 1699 1700
1 1700 1701
1 1701 1702
1 1702 1703
1 1703 1704
1 1704 1705
1 1705 1706
1 1706 1707
1 1707 1708
1 1708 1709
1 1709 1710
1 1710 1711
1 1711 1712
1 1712 1713
1 1713 1714
1 1714 1715
1 1715 1716
1 1716 1717
1 1717 1718
1 1718 1719
1 1719 1720
1 1720 1721
1 1721 1722
1 1722 1723
1 1723 1724
1 1724 1725
1 1725 1726
1 1726 1727
1 1727 1728
1 1728 1729
1 1729 1730
1 1730 1731
1 1731 1732
1 1732 1733
1 1733 1734
1 1734 1735
1 1735 1736
1 1736 1737
1 1737 1738
1 1738 1739
1 1739 1740
1 1740 1741
1 1741 1742
1 1742 1743
1 1743 1744
1 1744 1745
1 1745 1746
1 1746 1747
1 1747 1748
1 1748 1749
1 1749 1750
1 1750 1751
1 1751 1752
1 1752 1753
1 1753 1754
1 1754 1755
1 1755 1756
1 1756 1757
1 1757 1758
1 1758 1759
1 1759 1760
1 1760 1761
1 1761 1762
1 1762 1763
1 1763 1764
1 1764 1765
1 1765 1766
1 1766 1767
1 1767 1768
1 1768 1769
1 1769 1770
1 1770 1771
1 1771 1772
1 1772 1773
1 1773 1774
1 1774 1775
1 1775 1776
1 1776 1777
1 1777 1778
1 1778 1779
1 1779 1780
1 1780 1781
1 1781 1782
1 1782 1783
1 1783 1784
1 1784 1785
1 1785 1786
1 1786 1787
1 1787 1788
1 1788 1789
1 1789 1790
1 1790 1791
1 1791 1792
1 1792 1793
1 1793 1794
1 1794 1795
1 1795 1796
1 1796 1797
1 1797 1798
1 1798 1799
1 1799 1800
1 1800 1801
1 1801 1802
1 1802 1803
1 1803 1804
1 1804 1805
1 1805 1806
1 1806 1807
1 1807 1808
1 1808 1809
1 1809 1810
1 1810 1811
1 1811 1812
1 1812 1813
1 1813 1814
1 1814 1815
1 1815 1816
1 1816 1817
1 1817 1818
1 1818 1819
1 1819 1820
1 1820 1821
1 1821 1822
1 1822 1823
1 1823 1824
1 1824 1825
1 1825 1826
1 1826 1827
1 1827 1828
1 1828 1829
1 1829 1830
1 1830 1831
1 1831 1832
1 1832 1833
1 1833 1834
1 1834 1835
1 1835 1836
1 1836 1837
1 1837 1838
1 1838 1839
1 1839 1840
1 1840 1841
1 1841 1842
1 1842 1843
1 1843 1844
1 1844 1845
1 1845 1846
1 1846 1847
1 1847 1848
1 1848 1849
1 1849 1850
1 1850 1851
1 1851 1852
1 1852 1853
1 1853 1854
1 1854 1855
1 1855 1856
1 1856 1857
1 1857 1858
1 1858 1859
1 1859 1860
1 1860 1861
1 1861 1862
1 1862 1863
1 1863 1864
1 1864 1865
1 1865 1866
1 1866 1867
1 1867 1868
1 1868 1869
1 1869 1870
1 1870 1871
1 1871 1872
1 1872 1873
1 1873 1874
1 1874 1875
1 1875 1876
1 1876 1877
1 1877 1878
1 1878 1879
1 1879 1880
1 1880 1881
1 1881 1882
1 1882 1883
1 1883 1884
1 1884 1885
1 1885 1886
1 1886 1887
1 1887 1888
1 1888 1889
1 1889 1890
1 1890 1891
1 1891 1892
1 1892 1893
1 1893 1894
1 1894 1895
1 1895 1896
1 1896 1897
1 1897 1898
1 1898 1899
1 1899 1900
1 1900 1901
1 1901 1902
1 1902 1903
1 1903 1904
1 1904 1905
1 1905 1906
1 1906 1907
1 1907 1908
1 1908 1909
1 1909 1910
1 1910 1911
1 1911 1912
1 1912 1913
1 1913 1914
1 1914 1915
1 1915 1916
1 1916 1917
1 1917 1918
1 1918 1919
1 1919 1920
1 1920 1921
1 1921 1922
1 1922 1923
1 1923 1924
1 1924 1925
1 1925 1926
1 1926 1927
1 1927 1928
1 1928 1929
1 1929 1930
1 1930 1931
1 1931 1932
1 1932 1933
1 1933 1934
1 1934 1935
1 1935 1936
1 1936 1937
1 1937 1938
1 1938 1939
1 1939 1940
1 1940 1941
1 1941 1942
1 1942 1943
1 1943 1944
1 1944 1945
1 1945 1946
1 1946 1947
1 1947 1948
1 1948 1949
1 1949 1950
1 1950 1951
1 1951 1952
1 1952 1953
1 1953 1954
1 1954 1955
1 1955 1956
1 1956 1957
1 1957 1958
1 1958 1959
1 1959 1960
1 1960 1961
1 1961 1962
1 1962 1963
1 1963 1964
1 1964 1965
1 1965 1966
1 1966 1967
1 1967 1968
1 1968 1969
1 1969 1970
1 1970 1971
1 1971 1972
1 1972 1973
1 1973 1974
1 1974 1975
1 1975 1976
1 1976 1977
1 1977 1978
1 1978 1979
1 1979 1980
1 1980 1981
1 1981 1982
1 1982 1983
1 1983 1984
1 1984 1985
1 1985 1986
1 1986 1987
1 1987 1988
1 1988 1989
1 1989 1990
1 1990 1991
1 1991 1992
1 1992 1993
1 1993 1994
1 1994 1995
1 1995 1996
1 1996 1997
1 1997 1998
1 1998 1999
1 1999 2000
2000
10000 1 2
10000 2 3
10000 3 4
10000 4 5
10000 5 6
10000 6 7
10000 7 8
10000 8 9
10000 9 10
10000 10 11
10000 11 12
10000 12 13
10000 13 14
10000 14 15
10000 15 16
10000 16 17
10000 17 18
10000 18 19
10000 19 20
10000 20 21
10000 21 22
10000 22 23
10000 23 24
10000 24 25
10000 25 26
10000 26 27
10000 27 28
10000 28 29
10000 29 30
10000 30 31
10000 31 32
10000 32 33
10000 33 34
10000 34 35
10000 35 36
10000 36 37
10000 37 38
10000 38 39
10000 39 40
10000 40 41
10000 41 42
10000 42 43
10000 43 44
10000 44 45
10000 45 46
10000 46 47
10000 47 48
10000 48 49
10000 49 50
10000 50 51
10000 51 52
10000 52 53
10000 53 54
10000 54 55
10000 55 56
10000 56 57
10000 57 58
10000 58 59
10000 59 60
10000 60 61
10000 61 62
10000 62 63
10000 63 64
10000 64 65
10000 65 66
10000 66 67
10000 67 68
10000 68 69
10000 69 70
10000 70 71
10000 71 72
10000 72 73
10000 73 74
10000 74 75
10000 75 76
10000 76 77
10000 77 78
10000 78 79
10000 79 80
10000 80 81
10000 81 82
10000 82 83
10000 83 84
10000 84 85
10000 85 86
10000 86 87
10000 87 88
10000 88 89
10000 89 90
10000 90 91
10000 91 92
10000 92 93
10000 93 94
10000 94 95
10000 95 96
10000 96 97
10000 97 98
10000 98 99
10000 99 100
10000 100 101
10000 101 102
10000 102 103
10000 103 104
10000 104 105
10000 105 106
10000 106 107
10000 107 108
10000 108 109
10000 109 110
10000 110 111
10000 111 112
10000 112 113
10000 113 114
10000 114 115
10000 115 116
10000 116 117
10000 117 118
10000 118 119
10000 119 120
10000 120 121
10000 121 122
10000 122 123
10000 123 124
10000 124 125
10000 125 126
10000 126 127
10000 127 128
10000 128 129
10000 129 130
10000 130 131
10000 131 132
10000 132 133
10000 133 134
10000 134 135
10000 135 136
10000 136 137
10000 137 138
10000 138 139
10000 139 140
10000 140 141
10000 141 142
10000 142 143
10000 143 144
10000 144 145
10000 145 146
10000 146 147
10000 147 148
10000 148 149
10000 149 150
10000 150 151
10000 151 152
10000 152 153
10000 153 154
10000 154 155
10000 155 156
10000 156 157
10000 157 158
10000 158 159
10000 159 160
10000 160 161
10000 161 162
10000 162 163
10000 163 164
10000 164 165
10000 165 166
10000 166 167
10000 167 168
10000 168 169
10000 169 170
10000 170 171
10000 171 172
10000 172 173
10000 173 174
10000 174 175
10000 175 176
10000 176 177
10000 177 178
10000 178 179
10000 179 180
10000 180 181
10000 181 182
10000 182 183
10000 183 184
10000 184 185
10000 185 186
10000 186 187
10000 187 188
10000 188 189
10000 189 190
10000 190 191
10000 191 192
10000 192 193
10000 193 194
10000 194 195
10000 195 196
10000 196 197
10000 197 198
10000 198 199
10000 199 200
10000 200 201
10000 201 202
10000 202 203
10000 203 204
10000 204 205
10000 205 206
10000 206 207
10000 207 208
10000 208 209
10000 209 210
10000 210 211
10000 211 212
10000 212 213
10000 213 214
10000 214 215
10000 215 216
10000 216 217
10000 217 218
10000 218 219
10000 219 220
10000 220 221
10000 221 222
10000 222 223
10000 223 224
10000 224 225
10000 225 226
10000 226 227
10000 227 228
10000 228 229
10000 229 230
10000 230 231
10000 231 232
10000 232 233
10000 233 234
10000 234 235
10000 235 236
10000 236 237
10000 237 238
10000 238 239
10000 239 240
10000 240 241
10000 241 242
10000 242 243
10000 243 244
10000 244 245
10000 245 246
10000 246 247
10000 247 248
10000 248 249
10000 249 250
10000 250 251
10000 251 252
10000 252 253
10000 253 254
10000 254 255
10000 255 256
10000 256 257
10000 257 258
10000 258 259
10000 259 260
10000 260 261
10000 261 262
10000 262 263
10000 263 264
10000 264 265
10000 265 266
10000 266 267
10000 267 268
10000 268 269
10000 269 270
10000 270 271
10000 271 272
10000 272 273
10000 273 274
10000 274 275
10000 275 276
10000 276 277
10000 277 278
10000 278 279
10000 279 280
10000 280 281
10000 281 282
10000 282 283
10000 283 284
10000 284 285
10000 285 286
10000 286 287
10000 287 288
10000 288 289
10000 289 290
10000 290 291
10000 291 292
10000 292 293
10000 293 294
10000 294 295
10000 295 296
10000 296 297
10000 297 298
10000 298 299
10000 299 300
10000 300 301
10000 301 302
10000 302 303
10000 303 304
10000 304 305
10000 305 306
10000 306 307
10000 307 308
10000 308 309
10000 309 310
10000 310 311
10000 311 312
10000 312 313
10000 313 314
10000 314 315
10000 315 316
10000 316 317
10000 317 318
10000 318 319
10000 319 320
10000 320 321
10000 321 322
10000 322 323
10000 323 324
10000 324 325
10000 325 326
10000 326 327
10000 327 328
10000 328 329
10000 329 330
10000 330 331
10000 331 332
10000 332 333
10000 333 334
10000 334 335
10000 335 336
10000 336 337
10000 337 338
10000 338 339
10000 339 340
10000 340 341
10000 341 342
10000 342 343
10000 343 344
10000 344 345
10000 345 346
10000 346 347
10000 347 348
10000 348 349
10000 349 350
10000 350 351
10000 351 352
10000 352 353
10000 353 354
10000 354 355
10000 355 356
10000 356 357
10000 357 358
10000 358 359
10000 359 360
10000 360 361
10000 361 362
10000 362 363
10000 363 364
10000 364 365
10000 365 366
10000 366 367
10000 367 368
10000 368 369
10000 369 370
10000 370 371
10000 371 372
10000 372 373
10000 373 374
10000 374 375
10000 375 376
10000 376 377
10000 377 378
10000 378 379
10000 379 380
10000 380 381
10000 381 382
10000 382 383
10000 383 384
10000 384 385
10000 385 386
10000 386 387
10000 387 388
10000 388 389
10000 389 390
10000 390 391
10000 391 392
10000 392 393
10000 393 394
10000 394 395
10000 395 396
10000 396 397
10000 397 398
10000 398 399
10000 399 400
10000 400 401
10000 401 402
10000 402 403
10000 403 404
10000 404 405
10000 405 406
10000 406 407
10000 407 408
10000 408 409
10000 409 410
10000 410 411
10000 411 412
10000 412 413
10000 413 414
10000 414 415
10000 415 416
10000 416 417
10000 417 418
10000 418 419
10000 419 420
10000 420 421
10000 421 422
10000 422 423
10000 423 424
10000 424 425
10000 425 426
10000 426 427
10000 427 428
10000 428 429
10000 429 430
10000 430 431
10000 431 432
10000 432 433
10000 433 434
10000 434 435
10000 435 436
10000 436 437
10000 437 438
10000 438 439
10000 439 440
10000 440 441
10000 441 442
10000 442 443
10000 443 444
10000 444 445
10000 445 446
10000 446 447
10000 447 448
10000 448 449
10000 449 450
10000 450 451
10000 451 452
10000 452 453
10000 453 454
10000 454 455
10000 455 456
10000 456 457
10000 457 458
10000 458 459
10000 459 460
10000 460 461
10000 461 462
10000 462 463
10000 463 464
10000 464 465
10000 465 466
10000 466 467
10000 467 468
10000 468 469
10000 469 470
10000 470 471
10000 471 472
10000 472 473
10000 473 474
10000 474 475
10000 475 476
10000 476 477
10000 477 478
10000 478 479
10000 479 480
10000 480 481
10000 481 482
10000 482 483
10000 483 484
10000 484 485
10000 485 486
10000 486 487
10000 487 488
10000 488 489
10000 489 490
10000 490 491
10000 491 492
10000 492 493
10000 493 494
10000 494 495
10000 495 496
10000 496 497
10000 497 498
10000 498 499
10000 499 500
10000 500 501
10000 501 502
10000 502 503
10000 503 504
10000 504 505
10000 505 506
10000 506 507
10000 507 508
10000 508 509
10000 509 510
10000 510 511
10000 511 512
10000 512 513
10000 513 514
10000 514 515
10000 515 516
10000 516 517
10000 517 518
10000 518 519
10000 519 520
10000 520 521
10000 521 522
10000 522 523
10000 523 524
10000 524 525
10000 525 526
10000 526 527
10000 527 528
10000 528 529
10000 529 530
10000 530 531
10000 531 532
10000 532 533
10000 533 534
10000 534 535
10000 535 536
10000 536 537
10000 537 538
10000 538 539
10000 539 540
10000 540 541
10000 541 542
10000 542 543
10000 543 544
10000 544 545
10000 545 546
10000 546 547
10000 547 548
10000 548 549
10000 549 550
10000 550 551
10000 551 552
10000 552 553
10000 553 554
10000 554 555
10000 555 556
10000 556 557
10000 557 558
10000 558 559
10000 559 560
10000 560 561
10000 561 562
10000 562 563
10000 563 564
10000 564 565
10000 565 566
10000 566 567
10000 567 568
10000 568 569
10000 569 570
10000 570 571
10000 571 572
10000 572 573
10000 573 574
10000 574 575
10000 575 576
10000 576 577
10000 577 578
10000 578 579
10000 579 580
10000 580 581
10000 581 582
10000 582 583
10000 583 584
10000 584 585
10000 585 586
10000 586 587
10000 587 588
10000 588 589
10000 589 590
10000 590 591
10000 591 592
10000 592 593
10000 593 594
10000 594 595
10000 595 596
10000 596 597
10000 597 598
10000 598 599
10000 599 600
10000 600 601
10000 601 602
10000 602 603
10000 603 604
10000 604 605
10000 605 606
10000 606 607
10000 607 608
10000 608 609
10000 609 610
10000 610 611
10000 611 612
10000 612 613
10000 613 614
10000 614 615
10000 615 616
10000 616 617
10000 617 618
10000 618 619
10000 619 620
10000 620 621
10000 621 622
10000 622 623
10000 623 624
10000 624 625
10000 625 626
10000 626 627
10000 627 628
10000 628 629
10000 629 630
10000 630 631
10000 631 632
10000 632 633
10000 633 634
10000 634 635
10000 635 636
10000 636 637
10000 637 638
10000 638 639
10000 639 640
10000 640 641
10000 641 642
10000 642 643
10000 643 644
10000 644 645
10000 645 646
10000 646 647
10000 647 648
10000 648 649
10000 649 650
10000 650 651
10000 651 652
10000 652 653
10000 653 654
10000 654 655
10000 655 656
10000 656 657
10000 657 658
10000 658 659
10000 659 660
10000 660 661
10000 661 662
10000 662 663
10000 663 664
10000 664 665
10000 665 666
10000 666 667
10000 667 668
10000 668 669
10000 669 670
10000 670 671
10000 671 672
10000 672 673
10000 673 674
10000 674 675
10000 675 676
10000 676 677
10000 677 678
10000 678 679
10000 679 680
10000 680 681
10000 681 682
10000 682 683
10000 683 684
10000 684 685
10000 685 686
10000 686 687
10000 687 688
10000 688 689
10000 689 690
10000 690 691
10000 691 692
10000 692 693
10000 693 694
10000 694 695
10000 695 696
10000 696 697
10000 697 698
10000 698 699
10000 699 700
10000 700 701
10000 701 702
10000 702 703
10000 703 704
10000 704 705
10000 705 706
10000 706 707
10000 707 708
10000 708 709
10000 709 710
10000 710 711
10000 711 712
10000 712 713
10000 713 714
10000 714 715
10000 715 716
10000 716 717
10000 717 718
10000 718 719
10000 719 720
10000 720 721
10000 721 722
10000 722 723
10000 723 724
10000 724 725
10000 725 726
10000 726 727
10000 727 728
10000 728 729
10000 729 730
10000 730 731
10000 731 732
10000 732 733
10000 733 734
10000 734 735
10000 735 736
10000 736 737
10000 737 738
10000 738 739
10000 739 740
10000 740 741
10000 741 742
10000 742 743
10000 743 744
10000 744 745
10000 745 746
10000 746 747
10000 747 748
10000 748 749
10000 749 750
10000 750 751
10000 751 752
10000 752 753
10000 753 754
10000 754 755
10000 755 756
10000 756 757
10000 757 758
10000 758 759
10000 759 760
10000 760 761
10000 761 762
10000 762 763
10000 763 764
10000 764 765
10000 765 766
10000 766 767
10000 767 768
10000 768 769
10000 769 770
10000 770 771
10000 771 772
10000 772 773
10000 773 774
10000 774 775
10000 775 776
10000 776 777
10000 777 778
10000 778 779
10000 779 780
10000 780 781
10000 781 782
10000 782 783
10000 783 784
10000 784 785
10000 785 786
10000 786 787
10000 787 788
10000 788 789
10000 789 790
10000 790 791
10000 791 792
10000 792 793
10000 793 794
10000 794 795
10000 795 796
10000 796 797
10000 797 798
10000 798 799
10000 799 800
10000 800 801
10000 801 802
10000 802 803
10000 803 804
10000 804 805
10000 805 806
10000 806 807
10000 807 808
10000 808 809
10000 809 810
10000 810 811
10000 811 812
10000 812 813
10000 813 814
10000 814 815
10000 815 816
10000 816 817
10000 817 818
10000 818 819
10000 819 820
10000 820 821
10000 821 822
10000 822 823
10000 823 824
10000 824 825
10000 825 826
10000 826 827
10000 827 828
10000 828 829
10000 829 830
10000 830 831
10000 831 832
10000 832 833
10000 833 834
10000 834 835
10000 835 836
10000 836 837
10000 837 838
10000 838 839
10000 839 840
10000 840 841
10000 841 842
10000 842 843
10000 843 844
10000 844 845
10000 845 846
10000 846 847
10000 847 848
10000 848 849
10000 849 850
10000 850 851
10000 851 852
10000 852 853
10000 853 854
10000 854 855
10000 855 856
10000 856 857
10000 857 858
10000 858 859
10000 859 860
10000 860 861
10000 861 862
10000 862 863
10000 863 864
10000 864 865
10000 865 866
10000 866 867
10000 867 868
10000 868 869
10000 869 870
10000 870 871
10000 871 872
10000 872 873
10000 873 874
10000 874 875
10000 875 876
10000 876 877
10000 877 878
10000 878 879
10000 879 880
10000 880 881
10000 881 882
10000 882 883
10000 883 884
10000 884 885
10000 885 886
10000 886 887
10000 887 888
10000 888 889
10000 889 890
10000 890 891
10000 891 892
10000 892 893
10000 893 894
10000 894 895
10000 895 896
10000 896 897
10000 897 898
10000 898 899
10000 899 900
10000 900 901
10000 901 902
10000 902 903
10000 903 904
10000 904 905
10000 905 906
10000 906 907
10000 907 908
10000 908 909
10000 909 910
10000 910 911
10000 911 912
10000 912 913
10000 913 914
10000 914 915
10000 915 916
10000 916 917
10000 917 918
10000 918 919
10000 919 920
10000 920 921
10000 921 922
10000 922 923
10000 923 924
10000 924 925
10000 925 926
10000 926 927
10000 927 928
10000 928 929
10000 929 930
10000 930 931
10000 931 932
10000 932 933
10000 933 934
10000 934 935
10000 935 936
10000 936 937
10000 937 938
10000 938 939
10000 939 940
10000 940 941
10000 941 942
10000 942 943
10000 943 944
10000 944 945
10000 945 946
10000 946 947
10000 947 948
10000 948 949
10000 949 950
10000 950 951
10000 951 952
10000 952 953
10000 953 954
10000 954 955
10000 955 956
10000 956 957
10000 957 958
10000 958 959
10000 959 960
10000 960 961
10000 961 962
10000 962 963
10000 963 964
10000 964 965
10000 965 966
10000 966 967
10000 967 968
10000 968 969
10000 969 970
10000 970 971
10000 971 972
10000 972 973
10000 973 974
10000 974 975
10000 975 976
10000 976 977
10000 977 978
10000 978 979
10000 979 980
10000 980 981
10000 981 982
10000 982 983
10000 983 984
10000 984 985
10000 985 986
10000 986 987
10000 987 988
10000 988 989
10000 989 990
10000 990 991
10000 991 992
10000 992 993
10000 993 994
10000 994 995
10000 995 996
10000 996 997
10000 997 998
10000 998 999
10000 999 1000
10000 1000 1001
10000 1001 1002
10000 1002 1003
10000 1003 1004
10000 1004 1005
10000 1005 1006
10000 1006 1007
10000 1007 1008
10000 1008 1009
10000 1009 1010
10000 1010 1011
10000 1011 1012
10000 1012 1013
10000 1013 1014
10000 1014 1015
10000 1015 1016
10000 1016 1017
10000 1017 1018
10000 1018 1019
10000 1019 1020
10000 1020 1021
10000 1021 1022
10000 1022 1023
10000 1023 1024
10000 1024 1025
10000 1025 1026
10000 1026 1027
10000 1027 1028
10000 1028 1029
10000 1029 1030
10000 1030 1031
10000 1031 1032
10000 1032 1033
10000 1033 1034
10000 1034 1035
10000 1035 1036
10000 1036 1037
10000 1037 1038
10000 1038 1039
10000 1039 1040
10000 1040 1041
10000 1041 1042
10000 1042 1043
10000 1043 1044
10000 1044 1045
10000 1045 1046
10000 1046 1047
10000 1047 1048
10000 1048 1049
10000 1049 1050
10000 1050 1051
10000 1051 1052
10000 1052 1053
10000 1053 1054
10000 1054 1055
10000 1055 1056
10000 1056 1057
10000 1057 1058
10000 1058 1059
10000 1059 1060
10000 1060 1061
10000 1061 1062
10000 1062 1063
10000 1063 1064
10000 1064 1065
10000 1065 1066
10000 1066 1067
10000 1067 1068
10000 1068 1069
10000 1069 1070
10000 1070 1071
10000 1071 1072
10000 1072 1073
10000 1073 1074
10000 1074 1075
10000 1075 1076
10000 1076 1077
10000 1077 1078
10000 1078 1079
10000 1079 1080
10000 1080 1081
10000 1081 1082
10000 1082 1083
10000 1083 1084
10000 1084 1085
10000 1085 1086
10000 1086 1087
10000 1087 1088
10000 1088 1089
10000 1089 1090
10000 1090 1091
10000 1091 1092
10000 1092 1093
10000 1093 1094
10000 1094 1095
10000 1095 1096
10000 1096 1097
10000 1097 1098
10000 1098 1099
10000 1099 1100
10000 1100 1101
10000 1101 1102
10000 1102 1103
10000 1103 1104
10000 1104 1105
10000 1105 1106
10000 1106 1107
10000 1107 1108
10000 1108 1109
10000 1109 1110
10000 1110 1111
10000 1111 1112
10000 1112 1113
10000 1113 1114
10000 1114 1115
10000 1115 1116
10000 1116 1117
10000 1117 1118
10000 1118 1119
10000 1119 1120
10000 1120 1121
10000 1121 1122
10000 1122 1123
10000 1123 1124
10000 1124 1125
10000 1125 1126
10000 1126 1127
10000 1127 1128
10000 1128 1129
10000 1129 1130
10000 1130 1131
10000 1131 1132
10000 1132 1133
10000 1133 1134
10000 1134 1135
10000 1135 1136
10000 1136 1137
10000 1137 1138
10000 1138 1139
10000 1139 1140
10000 1140 1141
10000 1141 1142
10000 1142 1143
10000 1143 1144
10000 1144 1145
10000 1145 1146
10000 1146 1147
10000 1147 1148
10000 1148 1149
10000 1149 1150
10000 1150 1151
10000 1151 1152
10000 1152 1153
10000 1153 1154
10000 1154 1155
10000 1155 1156
10000 1156 1157
10000 1157 1158
10000 1158 1159
10000 1159 1160
10000 1160 1161
10000 1161 1162
10000 1162 1163
10000 1163 1164
10000 1164 1165
10000 1165 1166
10000 1166 1167
10000 1167 1168
10000 1168 1169
10000 1169 1170
10000 1170 1171
10000 1171 1172
10000 1172 1173
10000 1173 1174
10000 1174 1175
10000 1175 1176
10000 1176 1177
10000 1177 1178
10000 1178 1179
10000 1179 1180
10000 1180 1181
10000 1181 1182
10000 1182 1183
10000 1183 1184
10000 1184 1185
10000 1185 1186
10000 1186 1187
10000 1187 1188
10000 1188 1189
10000 1189 1190
10000 1190 1191
10000 1191 1192
10000 1192 1193
10000 1193 1194
10000 1194 1195
10000 1195 1196
10000 1196 1197
10000 1197 1198
10000 1198 1199
10000 1199 1200
10000 1200 1201
10000 1201 1202
10000 1202 1203
10000 1203 1204
10000 1204 1205
10000 1205 1206
10000 1206 1207
10000 1207 1208
10000 1208 1209
10000 1209 1210
10000 1210 1211
10000 1211 1212
10000 1212 1213
10000 1213 1214
10000 1214 1215
10000 1215 1216
10000 1216 1217
10000 1217 1218
10000 1218 1219
10000 1219 1220
10000 1220 1221
10000 1221 1222
10000 1222 1223
10000 1223 1224
10000 1224 1225
10000 1225 1226
10000 1226 1227
10000 1227 1228
10000 1228 1229
10000 1229 1230
10000 1230 1231
10000 1231 1232
10000 1232 1233
10000 1233 1234
10000 1234 1235
10000 1235 1236
10000 1236 1237
10000 1237 1238
10000 1238 1239
10000 1239 1240
10000 1240 1241
10000 1241 1242
10000 1242 1243
10000 1243 1244
10000 1244 1245
10000 1245 1246
10000 1246 1247
10000 1247 1248
10000 1248 1249
10000 1249 1250
10000 1250 1251
10000 1251 1252
10000 1252 1253
10000 1253 1254
10000 1254 1255
10000 1255 1256
10000 1256 1257
10000 1257 1258
10000 1258 1259
10000 1259 1260
10000 1260 1261
10000 1261 1262
10000 1262 1263
10000 1263 1264
10000 1264 1265
10000 1265 1266
10000 1266 1267
10000 1267 1268
10000 1268 1269
10000 1269 1270
10000 1270 1271
10000 1271 1272
10000 1272 1273
10000 1273 1274
10000 1274 1275
10000 1275 1276
10000 1276 1277
10000 1277 1278
10000 1278 1279
10000 1279 1280
10000 1280 1281
10000 1281 1282
10000 1282 1283
10000 1283 1284
10000 1284 1285
10000 1285 1286
10000 1286 1287
10000 1287 1288
10000 1288 1289
10000 1289 1290
10000 1290 1291
10000 1291 1292
10000 1292 1293
10000 1293 1294
10000 1294 1295
10000 1295 1296
10000 1296 1297
10000 1297 1298
10000 1298 1299
10000 1299 1300
10000 1300 1301
10000 1301 1302
10000 1302 1303
10000 1303 1304
10000 1304 1305
10000 1305 1306
10000 1306 1307
10000 1307 1308
10000 1308 1309
10000 1309 1310
10000 1310 1311
10000 1311 1312
10000 1312 1313
10000 1313 1314
10000 1314 1315
10000 1315 1316
10000 1316 1317
10000 1317 1318
10000 1318 1319
10000 1319 1320
10000 1320 1321
10000 1321 1322
10000 1322 1323
10000 1323 1324
10000 1324 1325
10000 1325 1326
10000 1326 1327
10000 1327 1328
10000 1328 1329
10000 1329 1330
10000 1330 1331
10000 1331 1332
10000 1332 1333
10000 1333 1334
10000 1334 1335
10000 1335 1336
10000 1336 1337
10000 1337 1338
10000 1338 1339
10000 1339 1340
10000 1340 1341
10000 1341 1342
10000 1342 1343
10000 1343 1344
10000 1344 1345
10000 1345 1346
10000 1346 1347
10000 1347 1348
10000 1348 1349
10000 1349 1350
10000 1350 1351
10000 1351 1352
10000 1352 1353
10000 1353 1354
10000 1354 1355
10000 1355 1356
10000 1356 1357
10000 1357 1358
10000 1358 1359
10000 1359 1360
10000 1360 1361
10000 1361 1362
10000 1362 1363
10000 1363 1364
10000 1364 1365
10000 1365 1366
10000 1366 1367
10000 1367 1368
10000 1368 1369
10000 1369 1370
10000 1370 1371
10000 1371 1372
10000 1372 1373
10000 1373 1374
10000 1374 1375
10000 1375 1376
10000 1376 1377
10000 1377 1378
10000 1378 1379
10000 1379 1380
10000 1380 1381
10000 1381 1382
10000 1382 1383
10000 1383 1384
10000 1384 1385
10000 1385 1386
10000 1386 1387
10000 1387 1388
10000 1388 1389
10000 1389 1390
10000 1390 1391
10000 1391 1392
10000 1392 1393
10000 1393 1394
10000 1394 1395
10000 1395 1396
10000 1396 1397
10000 1397 1398
10000 1398 1399
10000 1399 1400
10000 1400 1401
10000 1401 1402
10000 1402 1403
10000 1403 1404
10000 1404 1405
10000 1405 1406
10000 1406 1407
10000 1407 1408
10000 1408 1409
10000 1409 1410
10000 1410 1411
10000 1411 1412
10000 1412 1413
10000 1413 1414
10000 1414 1415
10000 1415 1416
10000 1416 1417
10000 1417 1418
10000 1418 1419
10000 1419 1420
10000 1420 1421
10000 1421 1422
10000 1422 1423
10000 1423 1424
10000 1424 1425
10000 1425 1426
10000 1426 1427
10000 1427 1428
10000 1428 1429
10000 1429 1430
10000 1430 1431
10000 1431 1432
10000 1432 1433
10000 1433 1434
10000 1434 1435
10000 1435 1436
10000 1436 1437
10000 1437 1438
10000 1438 1439
10000 1439 1440
10000 1440 1441
10000 1441 1442
10000 1442 1443
10000 1443 1444
10000 1444 1445
10000 1445 1446
10000 1446 1447
10000 1447 1448
10000 1448 1449
10000 1449 1450
10000 1450 1451
10000 1451 1452
10000 1452 1453
10000 1453 1454
10000 1454 1455
10000 1455 1456
10000 1456 1457
10000 1457 1458
10000 1458 1459
10000 1459 1460
10000 1460 1461
10000 1461 1462
10000 1462 1463
10000 1463 1464
10000 1464 1465
10000 1465 1466
10000 1466 1467
10000 1467 1468
10000 1468 1469
10000 1469 1470
10000 1470 1471
10000 1471 1472
10000 1472 1473
10000 1473 1474
10000 1474 1475
10000 1475 1476
10000 1476 1477
10000 1477 1478
10000 1478 1479
10000 1479 1480
10000 1480 1481
10000 1481 1482
10000 1482 1483
10000 1483 1484
10000 1484 1485
10000 1485 1486
10000 1486 1487
10000 1487 1488
10000 1488 1489
10000 1489 1490
10000 1490 1491
10000 1491 1492
10000 1492 1493
10000 1493 1494
10000 1494 1495
10000 1495 1496
10000 1496 1497
10000 1497 1498
10000 1498 1499
10000 1499 1500
10000 1500 1501
10000 1501 1502
10000 1502 1503
10000 1503 1504
10000 1504 1505
10000 1505 1506
10000 1506 1507
10000 1507 1508
10000 1508 1509
10000 1509 1510
10000 1510 1511
10000 1511 1512
10000 1512 1513
10000 1513 1514
10000 1514 1515
10000 1515 1516
10000 1516 1517
10000 1517 1518
10000 1518 1519
10000 1519 1520
10000 1520 1521
10000 1521 1522
10000 1522 1523
10000 1523 1524
10000 1524 1525
10000 1525 1526
10000 1526 1527
10000 1527 1528
10000 1528 1529
10000 1529 1530
10000 1530 1531
10000 1531 1532
10000 1532 1533
10000 1533 1534
10000 1534 1535
10000 1535 1536
10000 1536 1537
10000 1537 1538
10000 1538 1539
10000 1539 1540
10000 1540 1541
10000 1541 1542
10000 1542 1543
10000 1543 1544
10000 1544 1545
10000 1545 1546
10000 1546 1547
10000 1547 1548
10000 1548 1549
10000 1549 1550
10000 1550 1551
10000 1551 1552
10000 1552 1553
10000 1553 1554
10000 1554 1555
10000 1555 1556
10000 1556 1557
10000 1557 1558
10000 1558 1559
10000 1559 1560
10000 1560 1561
10000 1561 1562
10000 1562 1563
10000 1563 1564
10000 1564 1565
10000 1565 1566
10000 1566 1567
10000 1567 1568
10000 1568 1569
10000 1569 1570
10000 1570 1571
10000 1571 1572
10000 1572 1573
10000 1573 1574
10000 1574 1575
10000 1575 1576
10000 1576 1577
10000 1577 1578
10000 1578 1579
10000 1579 1580
10000 1580 1581
10000 1581 1582
10000 1582 1583
10000 1583 1584
10000 1584 1585
10000 1585 1586
10000 1586 1587
10000 1587 1588
10000 1588 1589
10000 1589 1590
10000 1590 1591
10000 1591 1592
10000 1592 1593
10000 1593 1594
10000 1594 1595
10000 1595 1596
10000 1596 1597
10000 1597 1598
10000 1598 1599
10000 1599 1600
10000 1600 1601
10000 1601 1602
10000 1602 1603
10000 1603 1604
10000 1604 1605
10000 1605 1606
10000 1606 1607
10000 1607 1608
10000 1608 1609
10000 1609 1610
10000 1610 1611
10000 1611 1612
10000 1612 1613
10000 1613 1614
10000 1614 1615
10000 1615 1616
10000 1616 1617
10000 1617 1618
10000 1618 1619
10000 1619 1620
10000 1620 1621
10000 1621 1622
10000 1622 1623
10000 1623 1624
10000 1624 1625
10000 1625 1626
10000 1626 1627
10000 1627 1628
10000 1628 1629
10000 1629 1630
10000 1630 1631
10000 1631 1632
10000 1632 1633
10000 1633 1634
10000 1634 1635
10000 1635 1636
10000 1636 1637
10000 1637 1638
10000 1638 1639
10000 1639 1640
10000 1640 1641
10000 1641 1642
10000 1642 1643
10000 1643 1644
10000 1644 1645
10000 1645 1646
10000 1646 1647
10000 1647 1648
10000 1648 1649
10000 1649 1650
10000 1650 1651
10000 1651 1652
10000 1652 1653
10000 1653 1654
10000 1654 1655
10000 1655 1656
10000 1656 1657
10000 1657 1658
10000 1658 1659
10000 1659 1660
10000 1660 1661
10000 1661 1662
10000 1662 1663
10000 1663 1664
10000 1664 1665
10000 1665 1666
10000 1666 1667
10000 1667 1668
10000 1668 1669
10000 1669 1670
10000 1670 1671
10000 1671 1672
10000 1672 1673
10000 1673 1674
10000 1674 1675
10000 1675 1676
10000 1676 1677
10000 1677 1678
10000 1678 1679
10000 1679 1680
10000 1680 1681
10000 1681 1682
10000 1682 1683
10000 1683 1684
10000 1684 1685
10000 1685 1686
10000 1686 1687
10000 1687 1688
10000 1688 1689
10000 1689 1690
10000 1690 1691
10000 1691 1692
10000 1692 1693
10000 1693 1694
10000 1694 1695
10000 1695 1696
10000 1696 1697
10000 1697 1698
10000 1698 1699
10000 1699 1700
10000 1700 1701
10000 1701 1702
10000 1702 1703
10000 1703 1704
10000 1704 1705
10000 1705 1706
10000 1706 1707
10000 1707 1708
10000 1708 1709
10000 1709 1710
10000 1710 1711
10000 1711 1712
10000 1712 1713
10000 1713 1714
10000 1714 1715
10000 1715 1716
10000 1716 1717
10000 1717 1718
10000 1718 1719
10000 1719 1720
10000 1720 1721
10000 1721 1722
10000 1722 1723
10000 1723 1724
10000 1724 1725
10000 1725 1726
10000 1726 1727
10000 1727 1728
10000 1728 1729
10000 1729 1730
10000 1730 1731
10000 1731 1732
10000 1732 1733
10000 1733 1734
10000 1734 1735
10000 1735 1736
10000 1736 1737
10000 1737 1738
10000 1738 1739
10000 1739 1740
10000 1740 1741
10000 1741 1742
10000 1742 1743
10000 1743 1744
10000 1744 1745
10000 1745 1746
10000 1746 1747
10000 1747 1748
10000 1748 1749
10000 1749 1750
10000 1750 1751
10000 1751 1752
10000 1752 1753
10000 1753 1754
10000 1754 1755
10000 1755 1756
10000 1756 1757
10000 1757 1758
10000 1758 1759
10000 1759 1760
10000 1760 1761
10000 1761 1762
10000 1762 1763
10000 1763 1764
10000 1764 1765
10000 1765 1766
10000 1766 1767
10000 1767 1768
10000 1768 1769
10000 1769 1770
10000 1770 1771
10000 1771 1772
10000 1772 1773
10000 1773 1774
10000 1774 1775
10000 1775 1776
10000 1776 1777
10000 1777 1778
10000 1778 1779
10000 1779 1780
10000 1780 1781
10000 1781 1782
10000 1782 1783
10000 1783 1784
10000 1784 1785
10000 1785 1786
10000 1786 1787
10000 1787 1788
10000 1788 1789
10000 1789 1790
10000 1790 1791
10000 1791 1792
10000 1792 1793
10000 1793 1794
10000 1794 1795
10000 1795 1796
10000 1796 1797
10000 1797 1798
10000 1798 1799
10000 1799 1800
10000 1800 1801
10000 1801 1802
10000 1802 1803
10000 1803 1804
10000 1804 1805
10000 1805 1806
10000 1806 1807
10000 1807 1808
10000 1808 1809
10000 1809 1810
10000 1810 1811
10000 1811 1812
10000 1812 1813
10000 1813 1814
10000 1814 1815
10000 1815 1816
10000 1816 1817
10000 1817 1818
10000 1818 1819
10000 1819 1820
10000 1820 1821
10000 1821 1822
10000 1822 1823
10000 1823 1824
10000 1824 1825
10000 1825 1826
10000 1826 1827
10000 1827 1828
10000 1828 1829
10000 1829 1830
10000 1830 1831
10000 1831 1832
10000 1832 1833
10000 1833 1834
10000 1834 1835
10000 1835 1836
10000 1836 1837
10000 1837 1838
10000 1838 1839
10000 1839 1840
10000 1840 1841
10000 1841 1842
10000 1842 1843
10000 1843 1844
10000 1844 1845
10000 1845 1846
10000 1846 1847
10000 1847 1848
10000 1848 1849
10000 1849 1850
10000 1850 1851
10000 1851 1852
10000 1852 1853
10000 1853 1854
10000 1854 1855
10000 1855 1856
10000 1856 1857
10000 1857 1858
10000 1858 1859
10000 1859 1860
10000 1860 1861
10000 1861 1862
10000 1862 1863
10000 1863 1864
10000 1864 1865
10000 1865 1866
10000 1866 1867
10000 1867 1868
10000 1868 1869
10000 1869 1870
10000 1870 1871
10000 1871 1872
10000 1872 1873
10000 1873 1874
10000 1874 1875
10000 1875 1876
10000 1876 1877
10000 1877 1878
10000 1878 1879
10000 1879 1880
10000 1880 1881
10000 1881 1882
10000 1882 1883
10000 1883 1884
10000 1884 1885
10000 1885 1886
10000 1886 1887
10000 1887 1888
10000 1888 1889
10000 1889 1890
10000 1890 1891
10000 1891 1892
10000 1892 1893
10000 1893 1894
10000 1894 1895
10000 1895 1896
10000 1896 1897
10000 1897 1898
10000 1898 1899
10000 1899 1900
10000 1900 1901
10000 1901 1902
10000 1902 1903
10000 1903 1904
10000 1904 1905
10000 1905 1906
10000 1906 1907
10000 1907 1908
10000 1908 1909
10000 1909 1910
10000 1910 1911
10000 1911 1912
10000 1912 1913
10000 1913 1914
10000 1914 1915
10000 1915 1916
10000 1916 1917
10000 1917 1918
10000 1918 1919
10000 1919 1920
10000 1920 1921
10000 1921 1922
10000 1922 1923
10000 1923 1924
10000 1924 1925
10000 1925 1926
10000 1926 1927
10000 1927 1928
10000 1928 1929
10000 1929 1930
10000 1930 1931
10000 1931 1932
10000 1932 1933
10000 1933 1934
10000 1934 1935
10000 1935 1936
10000 1936 1937
10000 1937 1938
10000 1938 1939
10000 1939 1940
10000 1940 1941
10000 1941 1942
10000 1942 1943
10000 1943 1944
10000 1944 1945
10000 1945 1946
10000 1946 1947
10000 1947 1948
10000 1948 1949
10000 1949 1950
10000 1950 1951
10000 1951 1952
10000 1952 1953
10000 1953 1954
10000 1954 1955
10000 1955 1956
10000 1956 1957
10000 1957 1958
10000 1958 1959
10000 1959 1960
10000 1960 1961
10000 1961 1962
10000 1962 1963
10000 1963 1964
10000 1964 1965
10000 1965 1966
10000 1966 1967
10000 1967 1968
10000 1968 1969
10000 1969 1970
10000 1970 1971
10000 1971 1972
10000 1972 1973
10000 1973 1974
10000 1974 1975
10000 1975 1976
10000 1976 1977
10000 1977 1978
10000 1978 1979
10000 1979 1980
10000 1980 1981
10000 1981 1982
10000 1982 1983
10000 1983 1984
10000 1984 1985
10000 1985 1986
10000 1986 1987
10000 1987 1988
10000 1988 1989
10000 1989 1990
10000 1990 1991
10000 1991 1992
10000 1992 1993
10000 1993 1994
10000 1994 1995
10000 1995 1996
10000 1996 1997
10000 1997 1998
10000 1998 1999
10000 1999 2000
